100
5
768018886 459346278 787257090 598686590 331608439
111103762 9028739 408636037 78333289 856035095
5
247372720 551200402 789923024 967161536 303012051
509346416 233055166 240714050 816909429 863151309
5
255571762 66975680 301696914 187556616 490827045
653534700 74135728 540556898 993405704 180267659
5
43879164 73635474 656836083 651411740 221254443
582700355 110854843 375332387 844392698 142238785
5
7766334 407760902 468678147 159153950 235333203
441108570 388043215 749735394 471425665 820265983
5
445168261 195375059 859276345 485412112 426326349
75328448 995646690 268507384 41493433 145058318
5
117874634 389951477 676369105 135515802 1389551
919359640 570050687 566815313 485040069 610146529
5
390806762 441485506 617448628 319518357 862328737
65100586 80526615 146852845 54998566 60249507
5
425763097 902674681 764220636 664544055 787706564
690134637 115241059 875893404 500243514 979781834
5
693416363 51888846 198344858 954023218 756953065
911388546 495402796 54573523 592415845 877453374
5
222066512 204995434 135310308 272207995 20712457
984616689 915164971 107023744 736033139 253168466
5
118369196 69458504 202629043 73372896 88188275
172341922 14829220 617720738 200852806 699143691
5
186663444 641691019 640201678 648392905 635291868
223729143 32461505 325739727 431502709 218239427
5
379935672 563655035 374008360 183781786 298090817
743297400 615103797 167779575 719769866 448455660
5
120685104 845798062 831532357 938784679 717330171
226324850 416472536 763415048 457035789 33383040
5
434768474 822811686 138467415 557861870 430804769
212162128 650937220 958101101 173580447 641721047
5
440443834 942252499 281223170 904326276 548054980
285576481 635818893 654045196 766635281 183168976
5
619963768 152283123 16027726 830870256 617794375
51636443 154623271 591703141 77247897 771846149
5
877811622 893715312 141587484 586671217 601443298
123351745 945959535 244312537 412212556 430422424
5
976959323 124536625 429039704 425773369 24911427
940704460 771728174 258276146 185882331 973828348
5
880979333 276939191 811428215 159144052 910616160
286206250 419624074 597512861 623917447 558791407
5
772472799 29036862 314991380 955659394 8055161
62819778 929794058 676852708 306349770 911288978
5
592427717 573104727 496131647 973682644 963378613
926824385 548716107 762406520 815174303 722591197
5
658871611 982223069 1602643 731916883 999830818
824990018 3662274 630538574 809629339 536700296
5
21238077 840582107 902028311 748206480 980960471
629887886 150693619 504526673 61172362 658822639
5
233980126 375597974 86770641 84686640 41647762
698540444 402354023 398269191 169880785 335214328
5
464885748 190456732 237341021 770689547 883637954
15921905 27635621 92889207 732983928 104425748
5
55299160 110410557 704189976 973295720 248618986
574781320 390749271 495690680 913013143 75146502
5
580024481 88652381 47859682 165572485 84433697
480558678 52398364 77725873 225905954 74844040
5
367057111 814062968 416519536 759269055 70061167
401690317 289031966 869208362 489892431 699973681
5
385444508 324770204 538188870 708426776 47316422
442938718 648134330 805535709 580718797 881995760
5
555833573 550478430 73132326 182217088 807129855
818261951 931431546 637249070 157818965 223864850
5
84919673 573327708 808926017 620707354 184772378
519894051 898982641 842363595 420711423 543284873
5
537445738 503188225 748423925 520268002 327128594
100289596 862215941 893893446 309367052 420100775
5
420289323 931849242 633866661 56711307 854042725
982314861 597271563 475398871 580047405 895205932
5
984449387 798734886 391541064 486178625 160767626
375957556 484553063 723964513 754588594 59031866
5
402370783 135756376 180304054 888316272 300320589
676850483 77698820 126740143 590682275 171637392
5
413380399 877280073 23658454 673144862 943710490
573870540 345229640 363663086 80369761 379703939
5
80344794 135983974 406753544 315673915 455938712
782509019 57397770 417540029 832526912 193101693
5
532477816 954662191 173615915 552627114 409919934
30256160 468838213 102441260 212922461 818997080
5
103048602 241009853 96773408 291076200 404832154
548057301 676153329 737141500 922972403 254454812
5
333848375 44682968 354038239 659057134 42433028
612291791 687664658 347464022 718711328 95674703
5
127405040 761440526 975685575 115783682 584281826
948049955 170378123 998781547 598891473 999421635
5
109682153 12233977 838239552 484897902 10879986
353686490 908417038 403775041 176934528 498181880
5
559348546 155934157 693768526 430759502 282216143
641370163 500517278 56310190 859341010 515193198
5
875226157 795839943 739448712 509969671 405057016
790960247 424908252 639089859 949153854 413686267
5
306378232 41943936 294856922 771656225 853175916
291194649 141117652 43546578 879290157 624003394
5
834158981 608881402 467638801 998551925 500260626
745845732 751373980 584413549 962551624 838960145
5
807260697 946836062 939941439 265878284 269071884
696675817 917671253 503542389 765753510 514497269
5
196318477 86570179 736296380 155297197 877330880
388377232 248207322 284915036 542835949 764766613
5
247372129 157321260 647815846 991358391 103113233
493192576 399655251 25865337 478686102 461669117
5
914071312 216168747 135289416 182596680 83859178
374356027 926305288 54408298 620187317 193476665
5
41552473 295787433 917616987 772987081 242082009
302513190 605207507 669795792 101398772 71077897
5
482398776 936815353 50723779 783882988 143076836
87352585 556034249 446167787 702135519 5137430
5
877176708 59855722 545104170 318031410 584819267
612061204 171178566 677304349 864622526 32876499
5
457402919 83844046 295262718 39306547 266369967
696665282 290843404 83788901 307478675 662303697
5
327576508 92401478 477446594 940314932 519494876
454552120 89017034 920603404 593230275 524596757
5
523582360 966337434 895544773 244081026 536960516
33999683 835444989 606110876 346747714 428205816
5
705017091 102528697 617576195 392187952 668985799
986106734 463031471 622926641 612708741 254230546
5
381040313 697165744 990733564 209705143 51200245
124326512 95972114 85061420 913450806 35295534
5
734110176 175642689 759643746 99951168 807343711
649038405 256953096 565959062 454662635 52984511
5
642316663 801986434 2684678 394070988 70913805
684875225 434439960 458620423 849863190 660051785
5
776875240 917215000 123015795 642396472 987891868
181482410 721793069 394661594 63330726 14407700
5
436256240 792123298 804117638 994662161 265980798
874323581 317809454 107114677 612293383 855233673
5
801715903 833440486 147428504 159699605 622997151
988169344 598597437 895946791 182581067 73561639
5
238740550 123085483 333509864 526186703 516720752
56085260 34580493 715050546 843479534 783760070
5
692852115 619857532 136557141 325529921 909271556
108870547 714784652 113174122 154191473 479111138
5
796691236 670326569 390316373 842502538 953033344
786426042 258088990 990481721 241384650 195279515
5
924872033 133166094 689513649 26986406 43473422
974781356 280576609 734106371 62298002 354114999
5
753701927 966047615 473581219 691708791 992711044
332463568 795645862 113420888 97753796 397401059
5
696890655 469714985 43948461 139083428 731958032
20253544 609262728 14819155 361979870 723902694
5
252467630 324465889 543549629 93664392 838494625
167082630 799035449 459439745 378643855 587557401
5
118384189 647587324 72713276 363047530 572853242
385048619 15583509 1625563 584286762 257996909
5
828092044 836961611 120702372 883506527 315237780
963831646 74085999 549302997 59296809 79780967
5
49156685 905498029 520397945 142616195 9526242
175168306 778953110 929156482 46059159 938843036
5
857956545 714931801 535379325 70200890 973074039
34862048 13890701 261216678 966138826 204933384
5
20121157 393477604 859825034 86078086 343758089
457257673 156870726 809420529 765934784 781038955
5
557613214 546567820 282457504 982577875 641376658
447012516 376467000 294628944 379054881 372054742
5
498079951 91587853 394579987 662615479 815447650
479415017 703075384 79414512 666787982 535844287
2
23540779 23540779
785410826 785410826
5
415990452 125558151 549271890 10108554 192380883
439802443 591633141 885201896 649223057 669968616
5
12585502 941804377 14600006 922205304 328342752
693245441 819764044 115420291 567227119 332125237
5
750698597 136749570 415942925 53593398 694960870
645755321 550051010 76691008 681821209 175181633
5
585246954 558943470 260772710 257710403 483164208
228311205 79454325 51661500 909165614 893002270
5
911693598 102528616 235980299 573493091 116454141
665929613 154161427 631414072 371496100 427398993
5
551551776 944365182 62506306 35152564 61345683
94748895 306742808 561102169 727050360 822859127
5
941116416 21932538 640800239 165117981 153581218
540076565 27686594 758228917 796097435 894965213
5
369051307 492274312 795799154 955510345 952267062
789121376 324096274 728254610 369292244 924480837
5
649942150 688009881 797602625 55982504 779806687
740204856 638442475 94763424 113276539 364437567
5
309030010 103772039 189301793 319042656 896392202
948742227 716790911 424966537 348455742 554375858
5
786701401 353816283 302781055 364673089 584101217
987233233 889230097 971392477 694969006 886175240
5
554723920 410173471 480765506 42529928 173568985
842323032 95250152 60292447 389264361 822336614
5
185304453 335450111 385280124 208823168 101850783
829688389 129408657 582546450 900411954 876787169
5
962386139 168373898 170154866 230593793 250527688
418655874 388230198 829816266 790862220 415366170
5
493033292 452176054 176863836 956154613 474630728
244893160 904493114 712948763 434574239 291835172
5
70675972 682143151 439420019 61220172 88459542
640944133 964391284 676246986 26091235 662663469
5
380630038 710233522 49916124 495642907 333736202
972217305 368902765 743053927 790748747 648479847
5
88482745 43943672 695745883 145707412 625770795
875981839 30287121 58543677 470467538 326566515
5
802592774 235168126 751608189 345761506 264673875
864511345 778194609 568677989 130311243 862482257
5
574273541 837203501 852850988 437549939 888214799
261217848 699831691 238991743 715475893 629930821
