100
5
752540130 811899526 8596604 41897422 764231404
12080976 513936636 503596905 162676103 939888133
5
715429726 542865541 52156248 579534455 633060970
289537191 116131806 800641550 108307056 419779416
5
307529647 132876212 500121668 346482988 55044977
11224170 344770886 660819138 400432692 901992351
5
54119556 407962400 530447946 281968614 978043809
312801503 873605650 957939512 813769981 38042327
5
86708622 966969743 549977113 430805683 756073714
785068935 217646444 408362965 167587946 42972803
5
69500359 125756673 966758645 329118006 946535104
762564539 488984233 822458882 121219911 403126309
5
51289026 452869986 146786756 795366509 460713080
57308508 528070083 401480221 8001224 899405656
5
281016809 118232434 7383436 898432940 49246380
805529047 602223035 642249965 118658493 424190675
5
941704247 947396528 387959667 887216984 494429071
347526639 135504600 325649163 91870886 483839783
5
175475901 744791051 313552594 920678957 910995897
986304005 410477514 830988248 246618082 124545617
5
12366918 222445829 964470863 13766562 373576530
58649065 356290443 411413526 553797261 770377114
5
73412193 745928824 324579276 902068880 65167215
967093704 683397414 623932265 78184229 590089960
5
477826370 821744128 16379347 869361727 139149821
360975487 55115705 457830678 701312748 338049876
5
660392038 64892971 608686246 710715157 209356171
175402110 787586877 396119382 616833262 641780447
5
73988160 524473322 439636333 778782494 311197790
715589760 73637720 703039394 982957533 611727361
5
826453617 911608914 879783170 766996024 539747793
259912972 434246652 729823598 381864102 601028424
5
974176058 102086499 283180489 71917121 682958354
286213567 976267521 22684010 121870219 131822608
5
133938005 548185729 405259657 56150809 987728610
259282198 910102705 463402649 979903069 108676951
5
726429267 34194550 127712668 127886184 990817234
736974922 681714971 810750312 991464096 841258863
5
709259135 904219894 424005608 228457508 454252863
137205844 902764792 94472762 117463322 126075824
5
380546972 724772984 636086550 832417050 616171798
623131279 655403860 814246022 828802792 362670244
5
698851545 908880154 839181027 301563148 45474359
59977519 996515629 527960787 260634500 577785512
5
926068484 72805054 122487328 30462533 136338023
151777639 819948044 761937020 377031479 167937531
5
574933946 116612401 705395679 938010923 298834646
769609680 901555959 663478193 992394065 880786488
5
34086734 972702848 844139863 166177891 395427645
789024159 855830862 841598546 566017941 305327711
5
946364927 621866566 943417089 629494028 756316703
678402633 2184850 574862881 155420659 79299231
5
21209487 355270580 511794686 491454949 411884819
972597236 551148467 558784 355648230 772649367
5
634118953 524371373 134645330 746050999 311457315
208260331 732562646 920535655 672632911 493063813
5
63982992 75024798 399810410 613960557 899234265
865579088 950693893 55253817 380212945 604777790
5
302805068 693563218 925977687 76021498 248728979
402616891 685114981 523939212 805451740 629604117
5
76361948 55174726 852978863 577075972 802775298
305874346 258870540 819274628 275283741 869667974
5
904067817 170906798 115137233 739379134 950930152
311926988 831608966 570717207 729097789 491129750
5
71304276 193800354 378252635 703911220 744106448
624180325 187916676 899196032 168779909 2745865
5
194098588 366642944 76780025 713432684 481833451
220949164 19317787 63299158 242957915 108860328
5
509608924 447614398 41505414 426151434 530160284
222947058 873746544 944860382 829717122 596275856
5
858944920 529793562 977859642 26957701 553582620
463923007 523360797 390906517 872273416 643705456
5
381296981 394522827 84951609 856599757 834552032
101892191 62123400 954334859 511172446 258692687
5
164602953 439205408 335750919 235537568 635939686
609628918 425081704 969653354 617719533 213581376
5
633503745 170394541 351050068 513049518 724991824
942735675 126265749 808359290 556741193 582066760
5
243851945 326622014 546865792 286998387 90259214
163966618 83269647 36454964 782840102 846375355
5
821677090 90523400 261133587 320405142 843594110
63846349 807069653 590645067 607616574 375450118
5
759513494 893879561 689131967 402027800 284958646
619260278 970709690 210514490 521884652 14304115
5
283215582 958804678 203475834 777164444 72968301
769229182 47340847 691104199 822988209 169428589
5
27628596 839417703 709832951 235974310 559376969
306168132 382899175 351212388 53804251 647859129
5
963839144 999649561 178566073 543321201 980428516
67179181 871530222 705144775 755642044 198612850
5
141271113 417418271 638369159 550994808 108623621
57659229 105031457 620497331 414685114 896295027
5
99250254 914193491 125779564 930520436 674501102
146997464 122161147 117759910 491345433 508028612
5
186391930 59235862 951072382 413904645 186862431
24918311 710865251 351388546 582371227 725102434
5
129503569 566967523 696702210 301944914 74008304
705977258 351677755 987617422 124076222 37304554
5
685849383 66487800 426503871 292254894 335575937
136063639 129137853 140419228 196356333 736588797
5
848916548 555116284 110360188 71293988 662912491
574446423 594845372 732211911 12429067 136461202
5
360320921 529938981 645288205 843853544 281194419
849526636 686681099 87790130 558809684 492371422
5
83015397 64853314 131441460 431873081 513493720
69318061 477538223 2321275 840557568 118941464
5
858835648 676520523 275199831 141294101 848774814
255882045 77994943 753300547 988632514 475643903
5
276532985 321206227 671501179 111275057 673241384
999036784 349338038 296209906 554480064 100129432
5
553248078 272476305 875576622 665740983 543671972
72573687 109842977 584132708 932576129 377123860
5
700536003 755276684 818214684 649564581 981516049
411233434 619870199 332749373 957407844 544204382
5
463514741 373662874 723279688 533533522 957608651
38164707 9594311 152156912 651817537 782262500
5
893661704 659408020 625720833 960836292 483923398
148182611 958515018 643365831 57593913 326846363
5
664677900 844303914 517367052 609109041 722440737
146560585 149293692 428665953 53961687 488889984
5
49566397 289828795 790515371 258106272 883324440
287908571 552098418 771736220 836742721 639618686
5
592501667 182508593 911583550 569788527 292592003
82799678 547104518 318205433 983500671 105263232
5
740461614 632099441 731845688 536594635 27264592
200598458 370806468 459815349 293774784 646770040
5
40019668 680826420 559812033 426220838 549576579
900226028 983059419 941960006 880217174 269814947
5
614616734 443288471 73931429 917336111 444333904
156611046 290440232 310600689 342640358 126603217
5
120803125 955285704 776555763 11235077 860856328
671524307 390737747 446171214 327550570 119858697
5
158524464 793165705 362958738 590291726 978482989
41657308 86510075 45315762 836417079 745890912
5
120000422 35428103 662560872 168540216 48407757
546429066 515382315 87584350 242095326 801601185
2
661874741 661874741
970424467 970424467
5
108183644 492762005 637964750 353174774 216500891
911701855 555798041 534267418 64116183 883335058
5
865732297 222174187 568133548 574857661 882843288
605774220 138208601 97750808 86390882 118529632
5
555651552 31417092 82221418 906317527 521446906
153875854 269713072 852702656 399007881 57360402
5
350132951 556594899 311656404 56999508 711382878
931069970 803002936 703381655 107022912 517712587
5
159162036 193505658 190252869 840941363 45101965
13661216 286799764 473176365 507263749 443955646
5
955938372 297664085 766564282 421453473 276222364
164341248 926687157 305047520 517513573 470699852
5
257587503 127637729 279670708 317010881 750497932
298016503 324075302 554141599 571925601 505103170
5
146832264 66817844 577472689 139193161 42123450
130110966 554464899 29694383 648766677 802105651
5
28458383 130937823 588876871 617610834 612167121
466647448 912391826 213159240 347710749 139057739
5
106384868 127194840 331226411 8147017 78548939
329041562 580767785 70611929 960720438 764463719
5
95122205 75469260 399633706 473458342 155599187
390039396 468785078 651265299 933167227 283583344
5
292592602 757468870 25487090 753604954 835504729
237900213 357485573 218671467 588718598 962961124
5
950009194 714061521 821285565 316786464 151042876
249576791 75829213 636604456 816227898 286841503
5
798211716 235001613 86197198 80549137 351350309
155685903 327248590 510201444 80007650 781840302
5
583850703 777828502 827715909 709412745 110175406
839694957 531247231 165788168 567449244 56358167
5
709996657 192599290 902156303 7420035 852393882
169593658 86884381 179760972 648207301 171393701
5
449157195 776164701 62700569 574643413 52526143
913406878 145977460 146048105 524325961 297084149
5
947133103 624264705 948610236 8698116 104039148
396511819 236961897 267296427 59232859 744538907
5
29051728 326360179 557851150 61005127 648517879
435690004 943245218 304656094 340887937 588022581
5
413935319 184724888 675426575 900311024 555509363
319136132 636381147 1712103 541709488 126403906
5
785227878 211196196 464118577 980236333 612276316
349675180 69871690 578801759 74444157 653227593
5
455035379 284643812 367605563 757809229 820474908
556574194 114443398 910364644 180958206 94248978
5
526836597 364137620 497245984 788211709 170124423
72164281 966042004 699888539 732783551 276667746
5
967839630 274856889 89473039 192716243 677736843
2588659 12955272 177013191 949409425 45110124
5
161030749 491407174 188967697 736810047 904094201
925973832 905821799 657476119 109646653 500322295
5
691285771 650015670 481907425 193710999 528996063
434566579 502606801 706007855 111588221 119195651
5
508278211 203303572 100479964 359487218 597288852
345198820 265014457 627309179 181453823 813740080
5
548285626 273303668 70026584 142425982 117538688
238417619 571708775 388440900 661922069 945872485
5
5568171 823307147 867312219 268708929 209267106
156446969 64804032 626895880 133733215 455571359
5
352748996 111243993 203079061 923799604 345300219
246024571 580709930 445963352 635609939 177816554
5
88396996 149575111 68081159 838689731 59905488
924269946 996966923 243133249 660274345 735610087
