100
2 1 2
3 2 2
1 100000 1
1 100000 2
100000 100000 100000
99999 99979 99971
99983 99989 99989
98765 100000 99979
98761 100000 99991
96762 100000 99991
60388 41415 9951
50925 41412 8967
79191 83270 27339
69507 90889 26151
88782 76867 15726
44541 86637 66783
30730 77635 70100
80941 94428 72058
14180 88446 12932
30700 90707 1005
22938 94734 44976
78062 96211 88696
93902 93483 20619
43389 87612 87549
53200 96455 54770
81240 87230 11420
3510 99334 13106
86307 98516 88933
9867 96035 44445
33418 98589 78510
52910 99005 63960
50912 84222 38006
99484 83052 72854
88022 97507 47102
86478 97529 38044
51711 89904 33894
64329 99169 97158
20919 97922 58749
19941 90686 41991
36295 89977 23492
60298 97850 11362
63806 99789 5084
1668 99143 30534
64090 96994 43299
91664 98762 86360
13832 97092 32032
98154 99054 97360
47960 99126 88886
58130 96452 6318
45512 91747 69432
78526 98680 66176
41934 98676 91604
22798 97184 93444
33218 96676 86204
14403 97347 38028
78036 97428 90864
32546 99961 90034
47284 94426 6102
69183 94389 82026
3456 97889 90624
50548 99153 54144
32342 96941 33738
64918 98952 79624
74438 93451 98352
4941 99961 39684
79069 99428 6919
13548 96335 93939
71796 97823 90666
50946 98560 33974
20666 99416 5736
75112 96122 70616
10414 96423 2906
67302 98581 35295
19006 99633 59444
87594 93116 93954
51471 96632 97051
38052 99785 50006
80703 99046 43113
18024 99690 17542
20324 97306 5554
82004 26806 20501
84998 4706 42499
93936 46822 46968
90441 26195 30147
97386 98837 32462
73678 3603 36839
75546 78214 25182
71388 1049 35694
92085 86167 18417
95548 15848 47774
84594 23210 28198
24105 41931 48210
76388 64589 94016
76416 14784 25472
28692 80726 9564
25782 16466 68752
74590 97251 37295
46605 10204 10755
7592 94711 41756
12027 6864 48108
