100
2 1 2
3 2 2
1 10 1
1 10 2
10 10 3
10 4 8
3 10 6
6 9 9
9 7 9
9 9 9
10 8 6
5 10 1
10 10 2
8 9 2
6 10 8
6 10 2
4 9 10
10 10 5
10 10 4
8 10 10
3 10 9
2 9 8
1 9 1
5 10 5
7 10 1
4 10 4
9 10 3
3 9 6
10 10 4
3 10 1
9 10 9
1 10 1
5 10 5
3 10 9
5 10 1
4 10 1
10 10 8
10 10 8
4 10 10
8 10 1
4 10 8
9 10 1
10 10 2
2 10 1
8 10 10
8 10 10
10 10 6
6 10 9
4 10 2
6 10 3
4 10 2
8 9 1
10 10 4
10 10 5
4 10 6
2 10 10
8 10 10
8 10 6
10 10 2
2 10 1
2 10 6
7 10 7
10 10 2
9 10 9
4 10 8
10 10 8
9 10 3
4 10 6
2 10 6
9 10 1
6 10 6
8 10 6
6 10 10
5 10 1
2 10 10
10 3 5
8 2 4
9 9 3
10 3 5
9 10 3
10 1 5
10 10 2
8 1 4
10 10 2
10 1 2
6 3 1
9 1 8
8 10 7
4 1 8
6 10 4
5 1 5
2 9 7
6 2 3
6 9 4
6 1 10
8 10 1
3 1 10
8 10 5
8 1 4
4 10 10
