100
1 9
56435 1 83341 1 70374 1 52342 1 76826
1 6
1 51 101 151 201 251
1 10
2 1 1 2 2 2 1 2 2 2
1 6
67488 94116 4216 48244 35823 84108
1 2
99472 89528
1 10
36670 7050 14791 92691 3346 29027 45058 98268 30949 62171
1 10
69861 84195 58992 83086 99301 2730 50248 15990 69682 85506
1 9
1 2 2 1 2 2 2 1 2
1 4
1 51 101 151
1 6
81470 86802 58914 85685 51398 11088
1 7
90317 13345 14573 76460 50648 38686 6789
1 10
46925 86537 69101 61716 95580 88798 7094 56989 3417 54395
1 6
46115 67984 28292 60262 2963 64798
1 9
61606 1 67928 1 67395 1 99419 1 64063
1 10
81084 1481 28862 56427 84566 28162 59157 51165 60503 45190
1 8
2 2 2 1 1 1 2 1
1 1
75450
1 7
1 1 1 1 1 1 1
1 2
1 51
1 9
58509 84888 34973 17967 85326 99086 91063 44580 54155
1 4
39403 14989 32564 30769
1 10
98157 59712 8582 86967 63537 93826 34734 86947 31621 28316
1 6
17103 64372 73037 64532 96477 34994
1 9
62945 1 89757 1 55062 1 86353 1 78064
1 7
47071 6812 75146 28221 88281 61948 3486
1 2
1 2
1 4
26858 90710 48860 57610
1 9
70988 1 94889 1 51339 1 85352 1 90542
1 8
77431 16218 64996 61416 36772 43106 84086 64114
1 9
52269 1 99940 1 94163 1 81944 1 61583
1 9
75310 19586 19848 29464 54376 48418 90613 81207 96874
1 8
73097 42903 38718 11024 51287 90644 92042 36239
1 5
50709 1 58575 1 61974
1 7
95949 1 76834 1 69685 1 63825
1 3
60895 53169 99355
1 9
50061 1 93758 1 71914 1 93505 1 60822
1 5
21312 44501 43728 61672 60324
1 1
1
1 8
81416 53062 11391 11112 83986 4202 61759 22671
1 4
1 51 101 151
1 3
78279 65935 78892
1 6
85907 96675 27835 47578 56998 77441
1 7
63424 1 53903 1 62992 1 66276
1 4
1 51 101 151
1 2
1 51
1 10
83086 76660 17682 80872 33695 60261 63223 35244 61996 13090
1 3
67244 1 75913
1 7
88808 1 87812 1 86835 1 82667
1 6
1 51 101 151 201 251
1 2
1 1
1 5
81702 1 53289 1 82018
1 10
13225 45457 21883 38158 48775 85419 31983 83508 88718 79955
1 9
50543 1 85673 1 65496 1 97637 1 72947
1 6
1 51 101 151 201 251
1 6
1 51 101 151 201 251
1 4
44019 64962 36908 17802
1 5
76946 14147 18628 20155 4857
1 9
33397 44636 96347 98628 71335 48395 3683 96235 58951
1 8
27343 13640 58818 58253 37928 8385 51927 64666
1 6
1 51 101 151 201 251
1 9
93625 72459 87474 85245 47768 23411 21444 93583 77786
1 7
87414 1 68936 1 64107 1 88308
1 7
77973 1 83359 1 85516 1 59674
1 4
1 51 101 151
1 9
18439 12219 61150 10480 48457 91791 46181 53938 17936
1 3
89824 1 92312
1 10
19160 16641 99851 57394 54798 48626 42812 3132 48485 47881
1 8
67314 36650 58442 83755 56118 8018 4828 53885
1 9
50809 21673 44453 23278 46042 49280 77162 23473 81850
1 8
57934 93278 27971 5005 16442 19469 49577 21074
1 5
68127 1 73010 1 93859
1 8
30642 19350 89130 9794 93386 97808 63231 60699
1 5
81271 9344 87060 50792 25051
1 9
98755 27387 67163 16690 66953 35259 14207 83568 54164
1 6
87527 15959 22291 13692 13581 47987
1 9
58155 1 92453 1 82621 1 54103 1 69286
1 7
1 1 1 1 1 1 1
1 7
99320 1 95908 1 93486 1 83270
1 7
86144 37304 7762 30330 84882 81111 7770
1 7
35529 19796 30911 24289 33216 77323 10387
1 9
94340 1 57850 1 84143 1 57763 1 71055
1 5
78653 1 95927 1 88423
1 3
71536 1 50894
1 5
33255 39950 42610 28499 26165
1 10
46548 69602 39670 79944 14237 52368 94923 1923 762 98605
1 5
97228 1 61715 1 92176
1 9
26700 35697 88704 24901 10557 89943 59873 28523 75268
1 6
1 51 101 151 201 251
1 4
83008 80757 41707 79893
1 1
2794
1 3
86216 38662 80846
1 10
28175 69801 81435 57036 26228 82352 85197 1736 33516 62051
1 7
60216 71721 46292 51588 39155 46728 55788
1 9
39566 51745 81166 264 18906 19190 61068 42183 65232
1 8
68600 23647 10957 36540 79153 57684 8679 37086
1 7
95481 1 99321 1 78131 1 87793
1 2
63836 24009
1 7
72408 97069 30061 86099 10649 78047 19553
1 5
47430 15753 61958 65232 71508
1 7
91373 67435 84085 87849 2428 46551 72184
