100
1 6
57133 68532 89039 96396 31555 26148
1 6
1 51 101 151 201 251
1 9
59167 1 91440 1 78908 1 69106 1 66610
1 10
3291 9278 60951 33261 98212 34652 61138 32746 90118 23982
1 1
31336
1 10
16097 51719 20987 48699 3365 17355 56939 28329 13863 24919
1 9
65414 18616 48818 6136 34161 49251 73694 66661 59287
1 9
32995 9227 81948 1103 2914 70330 80442 18335 13619
1 10
19820 47580 93718 5078 42169 33514 10053 54112 30248 43356
1 9
93986 78389 14125 34662 27735 39703 16609 28837 42617
1 5
65683 1 91668 1 68968
1 4
85810 14138 46196 15058
1 7
50889 1 59743 1 95887 1 64440
1 7
53462 1 80538 1 89653 1 65887
1 9
85231 1 54232 1 79248 1 71356 1 74492
1 7
20988 24960 28932 41756 68130 75987 46017
1 6
21175 836 39264 46672 37110 29995
1 2
1 2
1 7
73460 1 91784 1 56348 1 62221
1 9
73318 16492 43389 64757 42898 26006 72317 74720 40677
1 7
87468 1 79803 1 85133 1 61343
1 3
71636 1 95704
1 8
1 1 2 1 1 2 1 2
1 3
76538 93200 61554
1 1
1
1 9
77336 88383 79339 99069 43289 92142 55368 97908 29249
1 9
57360 1 78609 1 52690 1 96807 1 71538
1 9
10054 66265 91209 15471 98320 60679 34508 24920 51757
1 8
90419 75463 60223 82163 99770 5417 15703 53119
1 4
1 51 101 151
1 4
1 51 101 151
1 4
6043 78800 26582 59604
1 7
70932 65070 22956 8271 6381 51887 50026
1 9
75826 1 62638 1 86126 1 70259 1 73982
1 6
1 51 101 151 201 251
1 8
2686 26601 91079 26476 47112 11231 21734 38555
1 9
87565 1 60396 1 80150 1 93154 1 91573
1 5
47186 12544 43097 81496 97535
1 5
65213 67610 59044 61746 34569
1 7
71876 1 51130 1 90828 1 96860
1 6
28236 4720 89038 89982 55640 74736
1 10
34401 69620 35257 12789 96 69918 40523 39799 2879 85712
1 7
21817 26163 94578 64559 85953 41796 29042
1 6
1 51 101 151 201 251
1 7
58095 48609 13932 28596 61318 66527 51488
1 2
1 51
1 2
66960 10303
1 3
23894 22839 97929
1 10
40899 74747 85259 78237 23445 88623 95592 96735 16952 25806
1 6
47055 4262 90356 59599 47358 71851
1 9
32602 35295 80017 91889 24965 96509 51629 89721 39406
1 4
1 51 101 151
1 6
91973 29399 74713 70501 12709 36244
1 4
1 51 101 151
1 10
79917 84605 11059 91694 57865 91551 3567 33747 28918 71589
1 5
66959 61531 36040 30610 5839
1 5
59493 1 64131 1 54363
1 6
1 51 101 151 201 251
1 5
38201 61099 68386 69611 67141
1 3
57512 47300 44308
1 3
69246 1 73876
1 6
1 51 101 151 201 251
1 4
41729 25498 19923 90732
1 9
54086 1 58910 1 95140 1 55170 1 65258
1 10
98767 22521 94989 76069 55781 9553 27072 16918 58650 17189
1 6
22893 59671 58434 61093 20769 26819
1 7
74838 51937 93374 63040 9069 78257 52078
1 8
53349 97270 94546 21609 23791 4160 20152 78907
1 9
88935 73702 27878 18183 39115 46493 67000 61602 97005
1 10
1 1 2 2 1 1 1 2 2 1
1 5
81656 1 81085 1 77225
1 6
1 51 101 151 201 251
1 8
91443 85221 1862 99713 7953 70100 66091 98815
1 10
23078 66789 1281 18067 59209 73413 43971 86280 90330 18972
1 2
1 51
1 8
377 80816 43398 26539 75393 7956 28843 33541
1 5
69346 85640 73760 83626 78529
1 8
12803 39947 54619 20756 10047 20709 19570 24371
1 1
80850
1 9
81281 1 93283 1 88433 1 83380 1 62379
1 3
94826 1 94850
1 8
90862 44225 12395 65699 96161 22120 28739 5230
1 4
34311 68640 78079 2989
1 2
1 1
1 7
51439 1 90137 1 56168 1 96289
1 9
99193 84082 51207 16149 93685 99625 49832 84103 91439
1 7
1 1 1 1 1 1 1
1 5
76130 1 90119 1 79461
1 7
42743 59790 47219 48132 49771 2859 39219
1 9
2 1 1 2 2 1 1 1 2
1 10
38005 51352 95426 73261 80493 11873 59531 21015 68023 78761
1 7
92799 1 69097 1 56353 1 66230
1 5
81740 1 85662 1 94540
1 9
73439 1 87433 1 89446 1 83629 1 97177
1 8
14325 78485 64513 10485 604 93251 32066 17332
1 9
85333 1 57369 1 59939 1 75171 1 97023
1 10
12507 51995 54730 30139 86413 13938 3551 46735 16570 10232
1 7
1 1 1 1 1 1 1
1 2
51960 80182
1 7
52075 61006 68261 10170 9615 82192 55117
