100
1 9
82903 1 78904 1 78833 1 96034 1 59960
1 7
55094 1 63293 1 69773 1 91966
1 6
1 51 101 151 201 251
1 10
36651 66964 61508 86699 84735 2975 11544 71026 75050 96835
1 2
32842 56471
1 6
1 51 101 151 201 251
1 9
61379 98287 57174 41132 21754 16306 30935 26067 3224
1 9
11452 21400 91096 43054 75673 39854 21056 43651 62608
1 7
1 1 1 1 1 1 1
1 9
68210 1 99908 1 99459 1 56027 1 79236
1 3
44004 7623 77416
1 7
8054 23417 12083 2995 63553 57207 25630
1 2
51350 21787
1 8
40292 62760 30464 7997 80131 85652 10439 41614
1 4
40453 47290 7527 62812
1 10
42413 79635 4990 52861 43713 94791 38052 50844 60264 95800
1 1
15294
1 5
13498 27112 65201 33785 84973
1 5
95102 1 98904 1 77571
1 7
52397 1 95789 1 64487 1 93577
1 1
1
1 9
57644 62322 3011 71812 6727 36128 48216 26402 97198
1 6
1 51 101 151 201 251
1 3
85159 1 81879
1 4
1 51 101 151
1 3
65872 1 57972
1 7
10412 95155 10326 40957 84290 45917 73891
1 7
82369 1 60308 1 79359 1 59652
1 2
1 51
1 10
15102 32164 34218 31257 33461 43717 41294 81806 98730 61517
1 9
27786 99561 20232 71368 27982 60524 50479 58445 68520
1 7
39202 64131 66221 70859 41804 72227 10672
1 10
2 1 2 1 2 1 1 1 1 1
1 4
84390 38299 49287 27041
1 10
59299 17281 73663 46899 8550 7698 2882 2793 69627 46242
1 10
97058 30985 71249 74918 34035 55983 77892 45578 27009 69293
1 8
1 1 1 2 1 2 2 2
1 6
22559 23623 22327 77304 86904 92238
1 5
70420 65596 91804 90936 570
1 9
1420 25115 8493 69940 72076 68940 65250 60649 97262
1 5
15782 78575 2753 88605 46276
1 8
22558 17258 19178 2043 51354 1020 38837 2443
1 2
1 2
1 9
51524 50893 72178 49160 85401 77172 71278 46400 97353
1 5
76194 45586 66209 19586 2390
1 9
7116 42781 89804 4314 70566 5716 24545 58285 33697
1 4
21003 54746 46930 53559
1 3
74004 1 80535
1 10
36275 35698 94097 47726 73449 85192 90780 65474 41397 28187
1 9
82868 1 95428 1 97236 1 61700 1 50762
1 4
1 51 101 151
1 5
67983 1 76147 1 94456
1 9
30609 60448 78959 88574 11971 29851 60751 77482 15251
1 6
1024 90902 24060 31658 77674 89655
1 7
52722 38942 55166 79486 34096 81843 20442
1 3
61170 4164 34975
1 8
60052 3324 44719 79571 73160 23035 43583 12069
1 8
34738 44112 10685 21660 69082 99061 77704 74431
1 2
1 51
1 7
89494 1 86526 1 78516 1 79329
1 9
1 2 1 2 1 2 2 1 1
1 8
45131 65873 40454 30565 81285 18157 4995 5766
1 5
60308 1 59130 1 77567
1 8
60999 3830 86367 15923 5659 14169 44406 33118
1 7
1731 30436 67791 57284 94567 50364 44494
1 6
1 51 101 151 201 251
1 8
27459 45884 58919 95250 3167 69837 61965 64013
1 5
86581 1 86521 1 85783
1 7
86923 24971 88377 39692 88997 9069 32436
1 8
24482 26491 82484 64250 38573 1830 27802 12131
1 10
72085 12039 42228 93427 64899 85940 88217 19302 36783 48480
1 5
24539 70279 62798 88181 14283
1 6
1 51 101 151 201 251
1 6
1 51 101 151 201 251
1 5
58540 1 75114 1 71979
1 7
86455 1 83116 1 68192 1 70870
1 4
20287 41510 57359 89839
1 9
54274 48759 78002 51626 6403 40324 54637 94566 63402
1 10
79030 69387 16156 84946 9500 93685 48345 55014 3872 42679
1 6
64027 20693 76392 2705 14348 63296
1 7
94942 23785 45125 6283 38178 56878 42162
1 6
9438 65478 94990 14394 11753 35880
1 2
1 1
1 6
23462 68609 6576 99655 14194 72784
1 10
24484 74381 78797 14499 21279 87347 38548 40512 90139 8174
1 10
9124 4005 5917 23762 77530 47048 45515 93835 77983 87934
1 6
19240 32935 2634 62703 98135 52770
1 7
94438 1 95819 1 88610 1 54512
1 1
88615
1 4
1 51 101 151
1 4
1 51 101 151
1 9
63332 1 93393 1 62438 1 59088 1 76508
1 9
61156 1 51815 1 93724 1 54732 1 93486
1 3
81675 16523 47291
1 9
57195 1 76296 1 75085 1 70893 1 86711
1 9
89932 1 79958 1 90903 1 62525 1 59031
1 7
1 1 1 1 1 1 1
1 9
97319 1 98405 1 86618 1 56077 1 54431
1 9
55295 1 74323 1 54397 1 60414 1 62933
1 7
63131 1 71756 1 76462 1 68989
