100
1 5
49368 38853 8864 4264 63381
1 9
77100 29697 41670 66170 23279 20632 13840 36769 23018
1 10
54514 27595 19306 69441 85432 49088 21762 74540 34366 57807
1 3
74843 1 62916
1 4
26306 42296 88282 50861
1 8
64028 68687 44496 39087 13868 86005 18800 33491
1 2
1 2
1 4
1 51 101 151
1 10
37958 4340 87931 73624 27171 61400 38264 96552 52181 86219
1 10
8344 59833 12302 96274 33457 39472 57673 71720 52375 9854
1 3
48485 67737 56627
1 4
38545 24529 5369 42658
1 2
1 51
1 9
90721 97688 33777 93077 16487 83619 25203 84489 12158
1 2
97628 92666
1 7
81147 1 80071 1 60112 1 94063
1 7
63605 82632 85047 96161 33525 59365 75638
1 5
27331 45652 63051 60968 5591
1 9
71884 1 90376 1 88946 1 51190 1 86411
1 9
98581 1 97367 1 56771 1 92643 1 98967
1 8
32127 68002 28540 66983 97774 77331 30424 73004
1 10
57452 11304 14928 41486 29783 35969 72756 68926 36046 63419
1 9
63415 1 61779 1 87225 1 60360 1 80376
1 7
4614 69489 59075 72382 80571 53743 28586
1 4
1 51 101 151
1 6
1 51 101 151 201 251
1 10
61375 39544 52858 43345 28975 46551 962 83316 31316 84351
1 9
56795 1 61390 1 67434 1 57994 1 96660
1 9
86996 1 76456 1 51067 1 54429 1 84451
1 9
74721 25773 11911 2573 9192 94497 42360 32738 89070
1 7
51600 1 55812 1 97734 1 80679
1 7
79306 1 86734 1 85119 1 99957
1 10
29952 27313 93 98358 12078 73336 47817 48147 72119 17959
1 8
2 1 2 2 1 2 2 1
1 10
53623 13773 19315 6480 73469 48289 69382 74430 47956 17049
1 9
73079 93694 41265 37990 84766 83390 66252 87338 92581
1 4
1 51 101 151
1 5
66019 1 97995 1 95596
1 5
91207 17440 70427 58943 74066
1 2
68132 62491
1 6
34541 74319 79477 40579 63549 14679
1 1
27124
1 4
18456 24409 54266 79330
1 10
65919 35006 93283 43019 81054 34952 25540 4332 71935 39379
1 5
89145 1 83436 1 94051
1 9
77230 78963 31319 97139 86035 29006 47267 79111 61845
1 6
1 51 101 151 201 251
1 9
67067 66234 23436 7195 78222 34871 46226 42250 19909
1 7
74303 1 60438 1 97952 1 69899
1 6
1 51 101 151 201 251
1 8
45960 16941 2882 11936 23776 95637 95084 22680
1 5
11299 15405 64840 20316 83536
1 7
84447 1 73642 1 75367 1 97880
1 9
80612 1 93385 1 99086 1 53862 1 96016
1 5
62229 1 95701 1 94370
1 7
1 1 1 1 1 1 1
1 9
74064 1 60447 1 60713 1 84502 1 58398
1 5
54440 1 70651 1 78269
1 9
98617 1 91210 1 96946 1 68597 1 90471
1 7
92794 1 67663 1 51199 1 75968
1 4
6366 4685 54290 86443
1 6
58864 12749 17892 47745 12452 62575
1 6
32308 34873 11942 71161 43736 16205
1 6
1 51 101 151 201 251
1 5
88882 99704 28331 68212 6069
1 7
61285 72738 79165 90088 35312 11472 24960
1 7
67768 11082 94669 56205 48536 38495 15068
1 9
30885 20665 62685 43042 29202 77650 48881 68161 65619
1 3
54183 1 78872
1 4
1 51 101 151
1 6
30584 46921 89687 72879 35202 40547
1 9
1 2 1 2 2 2 2 2 1
1 9
92185 98614 89488 38960 87969 24199 9181 59295 48559
1 2
1 1
1 5
79078 1 64193 1 89001
1 8
82552 68392 57251 21817 75059 28830 25158 63362
1 1
1
1 3
25336 63164 33638
1 8
75230 41029 23447 81972 6003 78968 78801 22640
1 7
81125 64077 81637 2863 84921 64834 68282
1 6
1 51 101 151 201 251
1 7
29106 92237 60006 6742 64975 39170 96830
1 8
18359 70222 71327 24361 65541 50127 63353 11500
1 10
1 1 1 1 1 2 2 1 2 1
1 7
1 1 1 1 1 1 1
1 10
75132 13874 52054 84766 73244 49460 19717 98783 53791 8003
1 1
68402
1 7
74103 22913 6668 71580 3342 88304 74442
1 7
82617 1 60679 1 89961 1 59849
1 2
1 51
1 9
99583 1 81387 1 63949 1 93330 1 64329
1 6
66496 29897 10035 72086 37455 43827
1 10
72501 42984 45553 8159 12424 30985 57246 34185 5524 7963
1 6
1 51 101 151 201 251
1 8
286 50641 21789 80243 49625 6836 76403 83149
1 3
91351 1 83175
1 3
59940 11804 40121
1 8
19623 29771 49203 78698 18504 29773 32440 63442
1 6
529 66959 5386 20845 66846 49068
1 9
59198 84035 18480 21042 14919 39144 83726 74312 68345
