100
1 5
55677 71115 71011 217 45662
1 4
52728 36126 77635 37579
1 10
87824 74164 49255 45163 34923 36484 72935 38433 39984 58253
1 2
32633 44541
1 6
84638 15640 10994 28382 12932 30700
1 4
1 51 101 151
1 5
57648 2521 12823 23475 72398
1 9
8905 29233 24084 80268 60453 22654 95761 35496 10202
1 6
1 51 101 151 201 251
1 9
331 57311 53200 40316 66216 82432 80751 62835 59237
1 6
1 51 101 151 201 251
1 7
44536 91401 15150 28477 77155 29329 83715
1 7
97024 1 71295 1 60193 1 54773
1 10
14289 13237 99334 58111 98466 42213 58600 82614 83875 39839
1 10
29597 1125 40833 51526 13106 88135 69910 19156 95589 71168
1 8
23593 17282 99394 19354 77956 4258 2949 39620
1 4
1 51 101 151
1 3
85952 67162 65828
1 8
41113 97537 46018 90899 39176 62919 22938 18688
1 5
36958 57381 53068 30453 87650
1 9
82723 87612 3681 67764 83227 21967 75921 84099 55012
1 9
2968 47182 49155 33061 38342 82346 20619 43389 45203
1 7
71845 1 57015 1 91749 1 71655
1 9
70034 1 65993 1 86575 1 70088 1 59062
1 4
13918 30730 70363 45558
1 5
75931 1 86902 1 60442
1 7
57672 1 81667 1 77649 1 79632
1 7
79409 60675 88513 67244 61665 20504 94589
1 7
1 1 1 1 1 1 1
1 9
31221 82219 15494 58692 87549 9395 31138 87292 32211
1 9
79554 1 90093 1 70899 1 99048 1 94866
1 10
27919 89680 27471 85230 42879 84138 67797 41663 81240 30631
1 6
1 51 101 151 201 251
1 10
899 995 5578 11982 47303 18384 6050 7455 1259 52317
1 9
68301 1 68202 1 78541 1 99787 1 72588
1 10
43523 98516 7334 84355 50042 20440 88841 36303 55947 781
1 9
73656 1 91403 1 67889 1 76350 1 94523
1 7
10504 65901 37873 63637 51790 90707 74416
1 7
88101 1 69155 1 83676 1 72185
1 10
60477 88671 82184 25495 54081 42751 83568 57547 89793 27140
1 6
1 51 101 151 201 251
1 8
91806 873 33046 38948 81768 44131 27472 5331
1 5
79605 99439 69613 32245 66292
1 1
73043
1 4
1 51 101 151
1 3
69601 1 74783
1 8
88696 62857 62105 44224 42127 85042 79263 1934
1 4
1 51 101 151
1 7
53011 1 79142 1 70481 1 66330
1 8
59808 6765 21611 14760 30791 80896 94734 72172
1 4
50994 25137 86777 93496
1 6
14180 55239 2255 31347 88446 71483
1 7
79308 1 53425 1 98252 1 79499
1 10
62224 61735 57340 44408 87230 11420 3510 87149 68967 93303
1 10
2 1 1 1 2 1 2 1 1 1
1 10
19756 58596 94732 29957 96455 77717 43801 66524 46268 54770
1 9
48667 65411 60568 58074 87115 30691 27221 70373 99888
1 10
48087 70624 71489 47420 28734 86307 5984 87333 68920 89858
1 8
7211 49772 44976 78062 96211 32928 93740 36155
1 6
72058 65657 34254 44455 61613 50045
1 3
71393 1 98450
1 5
93211 1 63319 1 83403
1 7
95086 1 70577 1 91928 1 77271
1 9
1 2 2 2 1 1 1 1 2
1 2
1 51
1 9
69215 80774 7533 73853 93 54714 23007 49506 9407
1 3
66806 1 99662
1 7
9964 55039 72804 70851 46439 87953 99327
1 6
30419 93857 16336 67376 67590 85755
1 9
5353 70124 52796 66907 52846 56759 86939 36961 39985
1 5
79132 1 78730 1 71739
1 5
77233 1 66118 1 90509
1 9
86179 1 58942 1 58455 1 57078 1 57989
1 9
79640 1 96362 1 52001 1 95956 1 88110
1 6
1 51 101 151 201 251
1 7
90046 33435 25288 16902 15687 79513 80538
1 8
93902 72447 83392 6464 21726 93483 58971 88287
1 9
58419 1 91714 1 99859 1 70731 1 80156
1 9
95448 1 70478 1 93394 1 53119 1 52145
1 5
149 815 33208 69229 53292
1 6
52969 7174 36781 69538 52835 94428
1 2
1 1
1 7
1 1 1 1 1 1 1
1 6
10842 23159 43745 80941 19707 65771
1 2
1 2
1 2
58195 86637
1 1
90919
1 4
74101 70100 80197 22027
1 3
53526 66783 59613
1 3
97216 36289 50501
1 1
1
1 9
80343 1 82752 1 90754 1 93069 1 90304
1 2
1 51
1 7
83828 86571 54953 24026 59286 79974 25030
1 8
2 1 2 2 1 1 1 2
1 8
66561 9485 71860 60869 30094 91160 16840 71206
1 6
1 51 101 151 201 251
1 9
21508 82985 13845 70070 52200 94618 77602 26052 11063
1 5
82186 1 73133 1 77914
1 7
40199 72715 8670 1005 34327 58714 31423
