100
1 7
65833 53405 60261 50602 10309 88970 70694
1 9
73695 51197 8096 13055 63945 63703 27640 66430 91339
1 8
86134 27637 53389 71015 9504 17688 93087 60207
1 4
1 51 101 151
1 7
18661 48356 68559 93185 22752 62235 21686
1 9
47396 25323 45166 99700 15369 96362 7795 28423 76658
1 10
98891 28237 94388 55814 86870 27060 33823 23733 20600 29318
1 2
1 51
1 6
56904 28710 20093 78259 74609 24451
1 3
93987 98406 40121
1 6
56407 51676 5003 45900 88007 10310
1 9
40910 72244 40196 50818 27601 69905 26785 4732 4025
1 10
1741 43201 83867 32564 94776 84454 35666 20014 78367 18359
1 6
1 51 101 151 201 251
1 7
77402 1 69123 1 57656 1 64685
1 9
54281 3113 28337 47290 90961 750 6729 86499 54191
1 5
95675 1 58659 1 87284
1 2
71167 15314
1 9
57430 80657 89241 65927 21567 77837 6122 88736 21789
1 1
60558
1 1
82062
1 2
1 51
1 7
88568 45567 25697 75351 40547 97190 18648
1 4
1 51 101 151
1 2
57008 80041
1 9
81028 37444 843 15067 46882 61049 95799 29126 92146
1 3
81367 1 65439
1 7
84570 1 72393 1 60336 1 84041
1 3
64775 1 99472
1 10
59054 36464 28975 29686 55928 57311 76976 63240 74413 56
1 3
81890 1 96038
1 4
1 51 101 151
1 5
97767 1 81736 1 84268
1 9
58989 1 82313 1 54515 1 57839 1 62499
1 5
83840 1 89244 1 91176
1 8
13358 75967 77132 34121 4260 4240 24790 35952
1 2
1 2
1 4
28137 43378 73616 41960
1 6
29339 40147 39932 45551 76905 11011
1 8
1 2 1 1 1 2 2 1
1 9
70670 1 70621 1 79982 1 73349 1 66862
1 8
15341 53104 26408 72144 23008 12748 39256 98234
1 10
2 2 1 2 2 2 2 1 1 2
1 10
19664 88688 50790 64268 35377 32189 76523 47567 19216 76133
1 9
63886 1 91877 1 81786 1 81440 1 90164
1 6
1 51 101 151 201 251
1 7
1 1 1 1 1 1 1
1 5
94977 30161 80143 17036 95608
1 4
22060 65448 59913 18289
1 5
40163 34360 68653 96635 99860
1 5
8708 96889 60122 40374 53896
1 9
69431 1 71589 1 97673 1 81274 1 89466
1 10
6250 54550 30824 51576 84235 86751 8887 77562 66342 99651
1 7
58861 1 59606 1 79711 1 92702
1 8
50704 46694 72806 54539 31676 60875 16953 81149
1 5
54590 93695 35247 56545 21831
1 6
54607 1247 70432 94980 71494 26946
1 10
79858 28709 30007 1646 4734 61879 44517 17488 41146 29062
1 8
95887 65308 49707 5423 4412 28294 27109 74318
1 6
1 51 101 151 201 251
1 3
9186 30269 6366
1 6
14785 75809 35031 44945 55951 68418
1 6
1 51 101 151 201 251
1 9
76190 1 98693 1 58253 1 98288 1 88885
1 10
10927 34459 4369 5314 6624 91239 48725 40446 14971 85676
1 5
20407 54728 25397 50676 77446
1 5
71446 1 90847 1 97216
1 10
28627 31028 56924 58634 32673 61657 20512 77189 79144 78009
1 8
80733 65893 14746 28760 43119 31698 9909 55357
1 8
53555 70696 9644 35739 40452 69905 86341 67112
1 4
1 51 101 151
1 2
1 1
1 6
70947 27580 88456 41888 37627 40055
1 6
1 51 101 151 201 251
1 10
93969 32431 28253 46690 81400 95903 95839 70676 83259 47009
1 7
72098 1 80892 1 71628 1 72929
1 4
29193 26668 57802 85604
1 1
1
1 3
65501 51755 58094
1 9
98241 1 71510 1 61842 1 58576 1 64851
1 10
49738 28603 36369 32617 67651 49150 89277 71004 51171 11864
1 9
87849 56062 59439 79187 37089 13234 80029 68507 60116
1 7
4919 63578 95144 93486 25497 37192 68837
1 4
9396 73141 36332 88956
1 7
1 1 1 1 1 1 1
1 9
89182 1 80517 1 93379 1 86941 1 80149
1 9
87264 1 56836 1 89901 1 56386 1 73793
1 9
2 1 2 2 1 1 1 2 2
1 7
74524 74397 93677 12150 14451 8461 87959
1 9
19962 82880 22697 96429 40309 3354 85670 6235 41272
1 7
54493 1 97760 1 90332 1 95562
1 5
73786 1 84376 1 61312
1 7
82395 34382 87484 68631 88069 62415 33122
1 8
58874 73386 72030 38804 68530 65516 64300 22073
1 7
63060 1 85076 1 65930 1 68399
1 9
76026 15520 26520 96402 79268 68194 41567 78967 99914
1 6
1 51 101 151 201 251
1 9
74903 1 93652 1 90082 1 52602 1 61814
1 7
86237 37336 58579 48139 30593 85942 35438
1 7
98851 1 70886 1 73448 1 98998
